0.080000
0.325700
0.571400
0.571400
0.531400
0.408600
0.488600
0.448600
0.531400
0.285700
0.531400
0.488600
0.531400
0.571400
0.571400
0.408600
0.285700
0.488600
0.488600
0.571400
0.325700
0.571400
0.040000
0.488600
0.488600
0.408600
0.242900
0.531400
0.448600
0.365700
0.242900
0.531400
0.531400
0.448600
0.448600
0.488600
0.365700
0.285700
0.448600
0.448600
0.488600
0.571400
0.571400
0.408600
0.488600
0.531400
0.531400
0.448600
0.448600
0.448600
0.365700
0.531400
0.571400
0.285700
0.488600
0.531400
0.448600
0.488600
0.325700
0.365700
0.488600
0.448600
0.448600
0.040000
0.202900
0.408600
0.488600
0.571400
0.571400
0.531400
0.654300
0.488600
0.488600
0.285700
0.488600
0.531400
0.325700
0.488600
0.040000
0.571400
0.571400
0.448600
0.365700
0.571400
0.531400
0.531400
0.448600
0.531400
0.448600
0.448600
0.080000
0.448600
0.488600
0.531400
0.488600
0.120000
0.448600
0.162900
0.325700
0.365700
0.531400
0.448600
0.285700
0.488600
0.531400
0.488600
0.488600
0.488600
0.488600
0.242900
0.408600
0.242900
0.040000
0.448600
0.571400
0.242900
0.531400
0.448600
0.488600
0.365700
0.531400
0.488600
0.325700
0.448600
0.531400
0.448600
0.448600
0.448600
0.531400
0.571400
0.448600
0.408600
0.408600
0.488600
0.531400
0.448600
0.488600
0.531400
0.531400
0.571400
0.571400
0.488600
0.040000
0.571400
0.531400
0.325700
0.365700
0.531400
0.531400
0.448600
0.571400
0.571400
