0.178600
1.605300
2.405000
2.905000
2.301100
2.000000
3.514600
2.101900
1.500000
1.600000
1.698900
3.918100
4.000000
1.200000
1.700000
1.699300
2.000000
3.210500
1.204700
2.005000
1.403500
2.505000
0.571400
2.005800
2.409400
1.496500
2.011800
3.602200
3.707000
1.304700
1.917600
1.897800
2.698900
1.700600
1.299400
3.713500
1.710900
1.700000
1.401300
3.808900
3.111100
2.605000
2.105000
1.797200
3.315800
2.602200
3.403200
3.210200
1.503200
3.611500
1.906200
3.102200
3.205000
1.500000
2.912300
2.500000
3.509600
1.707600
1.807000
1.406200
3.415200
2.808900
3.108300
0.785700
0.098600
1.398600
4.017500
1.800000
1.300000
3.801100
3.100400
1.502900
1.906400
1.800000
1.304100
3.903200
1.500000
1.403500
0.500000
2.805000
2.305000
1.605100
1.812500
3.005000
3.000000
2.397800
3.006400
1.301100
2.006400
3.407600
0.285700
2.904500
2.812900
2.897800
2.309900
0.190500
2.407600
0.087700
2.008800
1.609400
1.198900
2.707000
1.900000
1.807000
1.596800
1.602300
2.608200
2.210500
2.508800
1.811800
1.300700
1.611800
0.357100
1.904500
1.600000
1.717600
1.801100
2.305700
3.818700
2.007800
1.397800
3.614000
1.903500
2.605100
2.000000
2.203800
3.910800
1.802500
3.500000
1.500000
4.012700
1.902100
1.601400
2.713500
3.198900
2.503200
3.011700
3.301100
2.102200
2.205000
2.705000
2.105300
0.714300
3.105000
2.198900
1.701800
1.507800
2.801100
3.698900
3.305700
1.400000
1.900000
