0.714300
0.299400
0.096800
1.096800
0.298200
0.400000
0.600000
0.401300
1.101600
1.201800
0.704200
0.295800
0.591500
0.901400
0.285700
1.505900
1.105300
0.193000
1.298200
0.404800
0.785700
1.203800
0.500000
0.500000
1.000000
0.493000
1.411800
0.701800
0.900000
0.100000
0.295700
0.595200
0.198800
0.602300
0.900600
0.801200
1.105900
0.500000
1.000000
1.400000
0.298200
0.795700
0.598700
0.142900
0.596800
1.211800
0.698900
1.000000
0.300000
1.305900
0.491200
0.701800
0.714300
1.100000
0.607100
0.099400
0.700000
0.095200
1.000000
0.397700
0.397800
1.105300
1.000000
0.596500
0.897800
0.197200
0.789500
1.100000
0.497100
0.898100
0.197500
1.200000
0.071400
1.195800
0.285700
0.800000
0.095500
0.198900
0.392900
0.802500
0.386000
1.203100
0.071400
1.000000
0.857100
1.000000
0.802800
0.700600
1.101900
0.200000
0.894700
1.000000
0.500000
0.394400
1.300000
1.000000
0.892900
0.809500
0.496800
1.097900
0.904800
